2225526
398807
684514
336123
23239
245088
1819218
1726524
1773122
1801672
196683
2252033
4262991
1709163
464873
89093
373028
8674898
507190
241078
1251113
449435
5746003
1675139
3373802
1174545
1801880
2124343
325364
1838309
1844360
1745113
3162925
2315927
1150866
3527225
909408
1675706
1899826
1745716
8575124
363301
2304930
1769979
1837387
4456168
9007119
1354059
3633163
1745244
5062295
168957
2998359
3072179
1720544
6027688
5737243
3679533
249477
1857773
1126357
1857705
311891
1838311
311890
92457
2241082
1745534
2999188
7830583
5690587
571780
2225631
1377901
2574104
1177534
1718444
2226403
3973862
1741607
3164429
1738423
206203
295849
1434809
2603486
3364134
4015086
1819212
2367568
1787666
1394408
684702
684714
8185112
1822029
104053
1801705
1737758
148081
2998356
5675408
7849783
3275036
156322
487619
7128323
1675186
8434772
9032724
91225
563626
1745731
1208352
2226397
8434868
2225973
125142
1745330
5445852
3465705
1745106
685013
2282538
3533110
248782
2275133
2272576
1768973
132055
2232598
196681
1745477
7154804
4531876
5926105
1482517
6824436
3739890
3649399
1838318
1718629
373054
1739536
3098055
1769977
464863
5373076
4202355
3138205
1675199
2382880
1718036
1152401
1744869
6001675
313339
390357
1409837
5134199
2225938
3836144
2784207
313276
1076144
2370560
2124440
5677438
8666173
1857936
1703980
75028
310732
3485052
3515146
3140291
148150
5036768
2603499
1718069
1745102
1718031
1822028
1434805
415756
1409828
2373804
1787655
2740982
550458
685373
3861275
6987728
413881
1750694
487608
1863379
1434816
1741713
3697707
170546
1746467
3122169
245086
7574405
1844354
685402
1718442
373027
563295
2741014
1675145
3226709
1770133
752881
1745331
6266838
487598
1702664
336115
1704261
1434798
3522887
2174086
541762
3608621
1769970
1083671
1744860
5675445
92447
443631
1744999
567134
1767355
625492
1745737
5373041
1169936
3505602
1745328
1442670
1434811
1769974
6941477
474692
5576609
5576603
3693630
363312
439199
1434806
1138643
1745346
228444
365694
1768961
1702659
1140309
684688
8574867
1434818
1769971
1819210
1768968
5886353
3242096
337901
926414
2930221
1778397
1702660
363317
1707790
639138
255134
7472439
1822037
1707709
2225527
2225830
1857784
1745721
5977513
76762
1700439
1482600
1736021
5847599
89479
6639686
125112
625372
311604
92158
71532
316188
1712976
1675171
1745729
4727754
1738430
71374
3690579
1767299
2028023
752876
458732
3470362
334339
1703981
177601
7445483
3243531
1769981
8194265
3209969
2983486
2232548
1239298
2226400
1768963
1378145
1801693
3295534
3693629
685379
4196952
2910957
3107607
1728989
5802563
2959682
1703971
125181
7906820
245085
1702596
2603491
7739296
1285649
2989472
5670629
458797
5891607
685378
1822030
1741600
1787025
1800144
570599
141391
6103475
313275
125147
8070350
85418
8428
1337784
1718478
1768980
1081108
2435001
1849497
159823
2370551
1728983
1172679
7933574
311022
2114856
1750685
2911527
919987
1409556
5676005
627510
1781711
76062
3023910
1434807
5181363
167342
160197
1718488
1675143
7908493
2998355
684839
5339413
2122285
313271
6793484
2366480
3707529
6370488
629267
223645
7489009
71373
494920
1344862
1778401
1738382
1526340
1434799
5498981
7158603
3098265
1076648
1702656
2226005
7809688
863233
566562
1718269
2226406
1440637
90091
2603485
685381
1434815
3140936
8483652
2998353
1778029
1840355
8409406
128798
7673916
3547484
2225538
3422811
2995608
487611
1736929
1439985
866430
567027
8834899
89473
313273
429570
1720552
752889
5675454
4935772
1718258
2441415
129114
2252010
1745558
1741597
311378
1837419
1849465
1801695
1849493
125111
1838282
7363781
313235
810525
2028031
1445363
6010706
2603493
3182435
4290865
752893
458737
3373566
4296073
2174071
1736947
6141028
2303930
1787366
877668
1511279
3511029
2225317
244299
1776958
1537690
8584610
1822025
311020
1358388
2367456
601174
1801684
230558
2225390
91906
8185109
5913956
71521
1857792
1731505
1741715
1702663
2471378
3505618
1654917
863656
1718041
389437
6969570
313229
567137
753508
1137932
1745426
1796322
355580
5236377
1122810
2942204
1750701
752880
2998357
1395824
3158165
7852777
1720557
177603
1745717
682336
1354067
8690111
1745543
3223660
1801688
1769792
1857777
1849487
1718479
1822038
413974
1032981
2998352
685236
2028026
1362939
684694
3188262
1778410
2318256
2225832
1718045
1897838
128805
5883279
131946
128790
163755
1404908
313228
1736910
1410543
616680
1778043
2288404
2998351
1736896
1700446
2218796
2232606
2998358
3280838
5767424
1716291
5675414
1778406
1171985
1718614
3697694
3693590
6326486
1767309
5580828
5504466
2603489
1741599
499432
1844363
1718287
137494
1857778
1675458
1801711
8690650
1481590
312388
4279177
4058272
1871629
186693
1776962
1526385
2225825
2603492
1822026
3315679
752878
5208223
1377874
2367584
1738346
2285154
3314139
5690584
2225402
1844361
8575253
6027703
1776981
599701
1773113
8597991
1718050
1718627
1863345
3005233
2910956
96678
2603496
364900
5211
429569
3608313
5676012
71392
2998354
1829936
1718470
439360
382049
8953921
3492373
5576615
139933
1347352
3646613
550956
1741596
1434812
310992
1718023
6894724
1857769
2288403
725633
2592041
8082321
2603497
1152984
3969824
704685
2489778
168955
1718294
4289892
1718284
75030
6655779
1675721
2225444
3655253
684918
2227169
2225824
303040
184453
7564633
5886366
1857767
2225290
312858
1718473
1849463
1704266
4128642
1718042
1063887
8799838
1400783
1404913
1776978
141877
310481
3183499
4858361
390355
150171
317233
1434817
2272551
7528878
1738456
8575047
3534087
163208
1918201
5892975
1801675
1838284
6396749
1849500
4345059
7563914
23638
1716321
2252018
2226065
1731499
684383
294165
1745340
3375244
1838286
1744985
1702661
108964
6182126
518946
1434802
1702648
5165978
1745457
3040249
7246853
71371
1704247
4487521
204350
194602
1377881
240144
1703975
3697697
464858
560539
5317773
8479126
684695
75031
4058061
5580870
1801697
494924
1337286
684351
2288418
8234032
1882723
1736025
2226456
1720964
1174174
1140308
2304387
3328776
311017
8002565
4561514
2225819
5250011
71084
684703
1787680
7564682
1159571
413835
2226117
1838306
1787663
752883
1378123
1797460
1787023
345289
1849468
3239160
6704149
1745103
2471388
1718034
724750
4904763
1710245
1822034
487601
8408199
1282246
1745738
2371656
1718469
1675713
2252830
3105797
