6118183
2530341
2183735
4496073
6521609
3974782
1009535
2874771
1122908
1082203
266876
280442
2715668
8747803
104127
1867058
5031737
6931540
6009521
2072961
5885168
5652395
5433262
5268969
2896067
5042839
2874525
5384882
4332431
20386
4725925
4494781
5404235
116820
8827255
8978577
7331126
4345270
758376
6938418
1601081
1658807
221501
7875985
2693
1395712
3812293
534006
1277773
7395546
5886497
3156529
1083041
1196046
1504102
1157319
4496071
2073088
4695013
2563433
2676917
2463277
6643591
5275487
2441423
6447563
1840532
18164
3501470
7455819
4496070
2993997
731946
3957642
2655447
7563992
8131437
4965263
226768
7890087
2741149
8926587
295559
1320449
